0.000000 0.410952
0.020000 0.422393
0.040000 0.422590
0.060000 0.403883
0.080000 0.410656
0.100000 0.407927
0.120000 0.411017
0.140000 0.405889
0.160000 0.396420
0.180000 0.400563
0.200000 0.394316
0.220000 0.392146
0.240000 0.389089
0.260000 0.391522
0.280000 0.397670
0.300000 0.383598
0.320000 0.385538
0.340000 0.372946
0.360000 0.372355
0.380000 0.377977
0.400000 0.377812
0.420000 0.380475
0.440000 0.371829
0.460000 0.362459
0.480000 0.369297
0.500000 0.376990
0.520000 0.365188
0.540000 0.367949
0.560000 0.366470
0.580000 0.364070
0.600000 0.362393
0.620000 0.358316
0.640000 0.355588
0.660000 0.348322
0.680000 0.349177
0.700000 0.347106
0.720000 0.340333
0.740000 0.338426
0.760000 0.344870
0.780000 0.346317
0.800000 0.338591
0.820000 0.335237
0.840000 0.332541
0.860000 0.332739
0.880000 0.329484
0.900000 0.329517
0.920000 0.325440
0.940000 0.321857
0.960000 0.323303
0.980000 0.315939
1.000000 0.315478
1.020000 0.317517
1.040000 0.319457
1.060000 0.308344
1.080000 0.302591
1.100000 0.308410
1.120000 0.305122
1.140000 0.312158
1.160000 0.307424
1.180000 0.310547
1.200000 0.313473
1.220000 0.310843
1.240000 0.312322
1.260000 0.307128
1.280000 0.312816
1.300000 0.303281
1.320000 0.313407
1.340000 0.318207
1.360000 0.306142
1.380000 0.307391
1.400000 0.317057
1.420000 0.325210
1.440000 0.321955
1.460000 0.329188
1.480000 0.327215
1.500000 0.332607
1.520000 0.335237
1.540000 0.335829
1.560000 0.335960
1.580000 0.335336
1.600000 0.340399
1.620000 0.346415
1.640000 0.347073
1.660000 0.346218
1.680000 0.360125
1.700000 0.356771
1.720000 0.365681
1.740000 0.363511
1.760000 0.357330
1.780000 0.375182
1.800000 0.366075
1.820000 0.377056
1.840000 0.377746
1.860000 0.396519
1.880000 0.390108
1.900000 0.405165
1.920000 0.406974
1.940000 0.403883
1.960000 0.404508
1.980000 0.407861
2.000000 0.416902
2.020000 0.405198
2.040000 0.411182
2.060000 0.426765
2.080000 0.412365
2.100000 0.429099
2.120000 0.419697
2.140000 0.429099
2.160000 0.431269
2.180000 0.437417
2.200000 0.442020
2.220000 0.440573
2.240000 0.446557
2.260000 0.433373
2.280000 0.439357
2.300000 0.442612
2.320000 0.457143
2.340000 0.451192
2.360000 0.445603
2.380000 0.460957
2.400000 0.451192
2.420000 0.457406
2.440000 0.453888
2.460000 0.452343
2.480000 0.459806
2.500000 0.452606
2.520000 0.465526
2.540000 0.450239
2.560000 0.454085
2.580000 0.457899
2.600000 0.458754
2.620000 0.468354
2.640000 0.470852
2.660000 0.468946
2.680000 0.470852
2.700000 0.469570
2.720000 0.467039
2.740000 0.479532
2.760000 0.469702
2.780000 0.471247
2.800000 0.475455
2.820000 0.475291
2.840000 0.466611
2.860000 0.468978
2.880000 0.483214
2.900000 0.476704
2.920000 0.475389
2.940000 0.481373
2.960000 0.488113
2.980000 0.472036
3.000000 0.471970
3.020000 0.482754
3.040000 0.483740
3.060000 0.475784
3.080000 0.487586
3.100000 0.488573
3.120000 0.487981
3.140000 0.480387
3.160000 0.490184
3.180000 0.498699
3.200000 0.495740
3.220000 0.491466
3.240000 0.495312
3.260000 0.502644
3.280000 0.497680
3.300000 0.499258
3.320000 0.500375
3.340000 0.507082
3.360000 0.502611
3.380000 0.509679
3.400000 0.521318
3.420000 0.517142
3.440000 0.512638
3.460000 0.521745
3.480000 0.515630
3.500000 0.517833
3.520000 0.515762
3.540000 0.509121
3.560000 0.520923
3.580000 0.524046
3.600000 0.521252
3.620000 0.531575
3.640000 0.533745
3.660000 0.516978
3.680000 0.522337
3.700000 0.526052
3.720000 0.528156
3.740000 0.527597
3.760000 0.534764
3.780000 0.532726
3.800000 0.538216
3.820000 0.535027
3.840000 0.533153
3.860000 0.541570
3.880000 0.531575
3.900000 0.535718
3.920000 0.536605
3.940000 0.539761
3.960000 0.534107
3.980000 0.529570
4.000000 0.539202
4.020000 0.530589
4.040000 0.536802
4.060000 0.534402
4.080000 0.536244
4.100000 0.532200
4.120000 0.528813
4.140000 0.532726
4.160000 0.526249
4.180000 0.522698
4.200000 0.524737
4.220000 0.525789
4.240000 0.523981
4.260000 0.509910
4.280000 0.512704
4.300000 0.516715
4.320000 0.506458
4.340000 0.506227
4.360000 0.505175
4.380000 0.503532
4.400000 0.508299
4.420000 0.500770
4.440000 0.498567
4.460000 0.501362
4.480000 0.494326
4.500000 0.493833
4.520000 0.502216
4.540000 0.481932
4.560000 0.487028
4.580000 0.484299
4.600000 0.480058
4.620000 0.467302
4.640000 0.484134
4.660000 0.474830
4.680000 0.465461
4.700000 0.466085
4.720000 0.473417
4.740000 0.461515
4.760000 0.475685
4.780000 0.476047
4.800000 0.476803
4.820000 0.455499
4.840000 0.451488
4.860000 0.464343
4.880000 0.472003
4.900000 0.463258
4.920000 0.467006
4.940000 0.475192
4.960000 0.466250
4.980000 0.469143
5.000000 0.471181
5.020000 0.465263
5.040000 0.465757
5.060000 0.461220
5.080000 0.466250
5.100000 0.471740
5.120000 0.470984
5.140000 0.455137
5.160000 0.450896
5.180000 0.459707
5.200000 0.467992
5.220000 0.459576
5.240000 0.466151
5.260000 0.461285
5.280000 0.461220
5.300000 0.458359
5.320000 0.467631
5.340000 0.464770
5.360000 0.457603
5.380000 0.455105
5.400000 0.466283
5.420000 0.464178
5.440000 0.455302
5.460000 0.462765
5.480000 0.451883
5.500000 0.460168
5.520000 0.462337
5.540000 0.457702
5.560000 0.470359
5.580000 0.463422
5.600000 0.464113
5.620000 0.467236
5.640000 0.470261
5.660000 0.461154
5.680000 0.470589
5.700000 0.468222
5.720000 0.473121
5.740000 0.484266
5.760000 0.470852
5.780000 0.488737
5.800000 0.475258
5.820000 0.482589
5.840000 0.487882
5.860000 0.480222
5.880000 0.490841
5.900000 0.488967
5.920000 0.494030
5.940000 0.492945
5.960000 0.495247
5.980000 0.494754
6.000000 0.491433
6.020000 0.517044
6.040000 0.503104
6.060000 0.503170
6.080000 0.516912
6.100000 0.513986
6.120000 0.519937
6.140000 0.528813
6.160000 0.519970
6.180000 0.528057
6.200000 0.534435
6.220000 0.539860
6.240000 0.529438
6.260000 0.541274
6.280000 0.536474
6.300000 0.538282
6.320000 0.541142
6.340000 0.548802
6.360000 0.552813
6.380000 0.547816
6.400000 0.549328
6.420000 0.553471
6.440000 0.549361
6.460000 0.560276
6.480000 0.558172
6.500000 0.562676
6.520000 0.552452
6.540000 0.565734
6.560000 0.564912
6.580000 0.568824
6.600000 0.563432
6.620000 0.567115
6.640000 0.561624
6.660000 0.575169
6.680000 0.562939
6.700000 0.570271
6.720000 0.564550
6.740000 0.571125
6.760000 0.565898
6.780000 0.573657
6.800000 0.573032
6.820000 0.571125
6.840000 0.571914
6.860000 0.568397
6.880000 0.571356
6.900000 0.570731
6.920000 0.576320
6.940000 0.564682
6.960000 0.574742
6.980000 0.560769
7.000000 0.565701
7.020000 0.558073
7.040000 0.568134
7.060000 0.562347
7.080000 0.577766
7.100000 0.559323
7.120000 0.565438
7.140000 0.566490
7.160000 0.566884
7.180000 0.574051
7.200000 0.576780
7.220000 0.584671
7.240000 0.579772
7.260000 0.586051
7.280000 0.601142
7.300000 0.608046
7.320000 0.608210
7.340000 0.608013
7.360000 0.622150
7.380000 0.637108
7.400000 0.630829
7.420000 0.641086
7.440000 0.658412
7.460000 0.660253
7.480000 0.665744
7.500000 0.672812
7.520000 0.679519
7.540000 0.688757
7.560000 0.701119
7.580000 0.701152
7.600000 0.703190
7.620000 0.717425
7.640000 0.727420
7.660000 0.742675
7.680000 0.736527
7.700000 0.744450
7.720000 0.743661
7.740000 0.753589
7.760000 0.754148
7.780000 0.759080
7.800000 0.759211
7.820000 0.758488
7.840000 0.763518
7.860000 0.753984
7.880000 0.752833
7.900000 0.740570
7.920000 0.737776
7.940000 0.737086
7.960000 0.728505
7.980000 0.722751
8.000000 0.716998
8.020000 0.721371
8.040000 0.708023
8.060000 0.715486
8.080000 0.721009
8.100000 0.719102
8.120000 0.733929
8.140000 0.735672
8.160000 0.744483
8.180000 0.757436
8.200000 0.774170
8.220000 0.790838
8.240000 0.808822
8.260000 0.825457
8.280000 0.849095
8.300000 0.875725
8.320000 0.890322
8.340000 0.904920
8.360000 0.934114
8.380000 0.942432
8.400000 0.972481
8.420000 0.995593
8.440000 1.005883
8.460000 1.038365
8.480000 1.048787
8.500000 1.062266
8.520000 1.083570
8.540000 1.092874
8.560000 1.114342
8.580000 1.120490
8.600000 1.121674
8.620000 1.138342
8.640000 1.139197
8.660000 1.141958
8.680000 1.135679
8.700000 1.133016
8.720000 1.122660
8.740000 1.104874
8.760000 1.082485
8.780000 1.059044
8.800000 1.024327
8.820000 0.981554
8.840000 0.917906
8.860000 0.866619
8.880000 0.791595
8.900000 0.715124
8.920000 0.598742
8.940000 0.434524
8.960000 0.296903
8.980000 0.055327
9.000000 -0.155213
9.020000 -0.472668
9.040000 -0.685904
9.060000 -1.101758
9.080000 -1.385086
9.100000 -1.809652
9.120000 -2.299872
9.140000 -2.747583
9.160000 -3.088216
9.180000 -3.790784
9.200000 -4.411261
9.220000 -4.811761
9.240000 -5.196250
9.260000 -5.555556
9.280000 -6.166926
9.300000 -6.547141
9.320000 -6.967466
9.340000 -7.259441
9.360000 -7.440853
9.380000 -7.718100
9.400000 -7.851446
9.420000 -7.864761
9.440000 -7.878339
9.460000 -7.738352
9.480000 -7.613356
9.500000 -7.408010
9.520000 -7.188494
9.540000 -6.959083
9.560000 -6.588829
9.580000 -6.333215
9.600000 -5.913679
9.620000 -5.556937
9.640000 -5.082071
9.660000 -4.645801
9.680000 -4.237706
9.700000 -3.722171
9.720000 -3.192664
9.740000 -2.729896
9.760000 -2.293330
9.780000 -1.785159
9.800000 -1.361448
9.820000 -0.826253
9.840000 -0.399715
9.860000 0.107009
9.880000 0.498370
9.900000 0.899363
9.920000 1.417890
9.940000 1.826774
9.960000 2.296545
9.980000 2.691095
10.000000 2.993985
10.020000 3.270870
10.040000 3.569651
10.060000 3.778515
10.080000 4.141635
10.100000 4.405928
10.120000 4.565938
10.140000 4.769114
10.160000 4.973474
10.180000 5.147719
10.200000 5.321043
10.220000 5.388703
10.240000 5.534247
10.260000 5.574915
10.280000 5.668941
10.300000 5.696426
10.320000 5.757576
10.340000 5.753795
10.360000 5.809422
10.380000 5.797159
10.400000 5.779801
10.420000 5.714935
10.440000 5.689226
10.460000 5.624229
10.480000 5.620449
10.500000 5.564526
10.520000 5.436571
10.540000 5.383870
10.560000 5.326435
10.580000 5.250720
10.600000 5.152058
10.620000 5.064772
10.640000 5.033638
10.660000 4.919951
10.680000 4.854560
10.700000 4.737224
10.720000 4.647406
10.740000 4.544502
10.760000 4.432164
10.780000 4.371079
10.800000 4.266664
10.820000 4.171092
10.840000 4.038600
10.860000 3.945659
10.880000 3.825397
10.900000 3.749288
10.920000 3.620708
10.940000 3.485652
10.960000 3.380579
10.980000 3.250783
11.000000 3.088045
11.020000 2.929153
11.040000 2.786897
11.060000 2.672651
11.080000 2.541573
11.100000 2.391591
11.120000 2.294079
11.140000 2.146168
11.160000 2.033797
11.180000 1.892231
11.200000 1.766643
11.220000 1.607916
11.240000 1.524706
11.260000 1.445638
11.280000 1.309201
11.300000 1.185881
11.320000 1.066902
11.340000 0.945029
11.360000 0.860241
11.380000 0.748033
11.400000 0.678072
11.420000 0.581646
11.440000 0.484003
11.460000 0.348519
11.480000 0.291117
11.500000 0.195611
11.520000 0.096686
11.540000 0.005717
11.560000 -0.063093
11.580000 -0.121383
11.600000 -0.209656
11.620000 -0.271924
11.640000 -0.302335
11.660000 -0.360033
11.680000 -0.381370
11.700000 -0.423419
11.720000 -0.444229
11.740000 -0.461917
11.760000 -0.467374
11.780000 -0.460898
11.800000 -0.466651
11.820000 -0.447780
11.840000 -0.441008
11.860000 -0.416350
11.880000 -0.390246
11.900000 -0.366740
11.920000 -0.329031
11.940000 -0.301447
11.960000 -0.261239
11.980000 -0.236089
12.000000 -0.184210
12.020000 -0.168166
12.040000 -0.117011
12.060000 -0.099553
12.080000 -0.054381
12.100000 -0.007203
12.120000 0.044873
12.140000 0.059996
12.160000 0.092215
12.180000 0.110856
12.200000 0.148565
12.220000 0.163688
12.240000 0.178811
12.260000 0.208597
12.280000 0.224148
12.300000 0.232663
12.320000 0.249956
12.340000 0.250317
12.360000 0.264191
12.380000 0.258076
12.400000 0.274514
12.420000 0.273561
12.440000 0.259523
12.460000 0.269287
12.480000 0.279314
12.500000 0.283950
12.520000 0.264257
12.540000 0.272542
12.560000 0.269353
12.580000 0.265802
12.600000 0.269879
12.620000 0.266953
12.640000 0.266526
12.660000 0.265769
12.680000 0.250383
12.700000 0.259063
12.720000 0.252060
12.740000 0.249463
12.760000 0.237298
12.780000 0.236805
12.800000 0.231414
12.820000 0.221518
12.840000 0.221583
12.860000 0.222110
12.880000 0.219808
12.900000 0.208269
12.920000 0.214482
12.940000 0.218756
12.960000 0.214219
12.980000 0.201693
13.000000 0.205869
13.020000 0.208795
13.040000 0.210373
13.060000 0.204159
13.080000 0.201562
13.100000 0.198800
13.120000 0.205671
13.140000 0.206559
13.160000 0.218822
13.180000 0.219479
13.200000 0.209847
13.220000 0.230789
13.240000 0.228553
13.260000 0.224608
13.280000 0.238186
13.300000 0.221123
13.320000 0.247950
13.340000 0.250778
13.360000 0.250811
13.380000 0.244202
13.400000 0.259621
13.420000 0.265835
13.440000 0.268465
13.460000 0.269978
13.480000 0.268728
13.500000 0.277539
13.520000 0.287271
13.540000 0.298679
13.560000 0.304399
13.580000 0.296673
13.600000 0.286547
13.620000 0.299205
13.640000 0.300651
13.660000 0.315446
13.680000 0.311205
13.700000 0.316958
13.720000 0.315215
13.740000 0.318339
13.760000 0.335665
13.780000 0.340103
13.800000 0.340136
13.820000 0.363544
13.840000 0.359401
13.860000 0.373012
13.880000 0.383993
13.900000 0.389549
13.920000 0.389352
13.940000 0.403423
13.960000 0.414469
13.980000 0.411971
14.000000 0.412891
14.020000 0.414009
14.040000 0.423872
14.060000 0.420321
14.080000 0.427488
14.100000 0.420650
14.120000 0.429527
14.140000 0.418020
14.160000 0.419368
14.180000 0.414075
14.200000 0.411379
14.220000 0.409571
14.240000 0.404705
14.260000 0.385275
14.280000 0.376004
14.300000 0.373045
14.320000 0.359040
14.340000 0.345560
14.360000 0.328070
14.380000 0.305221
14.400000 0.293320
14.420000 0.278131
14.440000 0.255413
14.460000 0.233057
14.480000 0.212345
14.500000 0.173617
14.520000 0.145113
14.540000 0.106582
14.560000 0.090538
14.580000 0.045859
14.600000 0.013410
14.620000 -0.013943
14.640000 -0.069964
14.660000 -0.110764
14.680000 -0.137789
14.700000 -0.187958
14.720000 -0.245656
14.740000 -0.291486
14.760000 -0.329261
14.780000 -0.396263
14.800000 -0.466914
14.820000 -0.519089
14.840000 -0.597795
14.860000 -0.658781
14.880000 -0.699022
14.900000 -0.796993
14.920000 -0.841870
14.940000 -0.916433
14.960000 -0.950625
14.980000 -1.053035
15.000000 -1.128157
15.020000 -1.175828
15.040000 -1.229581
15.060000 -1.307367
15.080000 -1.358226
15.100000 -1.409086
15.120000 -1.451398
15.140000 -1.495880
15.160000 -1.519419
15.180000 -1.559627
15.200000 -1.574750
15.220000 -1.591057
15.240000 -1.578531
15.260000 -1.598389
15.280000 -1.598421
15.300000 -1.601775
15.320000 -1.579649
15.340000 -1.556997
15.360000 -1.538586
15.380000 -1.502488
15.400000 -1.460636
15.420000 -1.436801
15.440000 -1.381470
15.460000 -1.301120
15.480000 -1.246545
15.500000 -1.180990
15.520000 -1.092651
15.540000 -1.023183
15.560000 -0.920510
15.580000 -0.816358
15.600000 -0.731536
15.620000 -0.631428
15.640000 -0.520042
15.660000 -0.404219
15.680000 -0.290302
15.700000 -0.157153
15.720000 -0.050337
15.740000 0.051382
15.760000 0.201792
15.780000 0.364629
15.800000 0.505044
15.820000 0.640330
15.840000 0.760362
15.860000 0.922804
15.880000 1.063680
15.900000 1.217344
15.920000 1.332806
15.940000 1.450339
15.960000 1.611861
15.980000 1.694447
16.000000 1.839957
16.020000 1.942072
16.040000 2.060197
16.060000 2.132656
16.080000 2.234869
16.100000 2.336194
16.120000 2.408621
16.140000 2.513727
16.160000 2.569255
16.180000 2.634284
16.200000 2.675610
16.220000 2.714766
16.240000 2.789691
16.260000 2.822042
16.280000 2.872868
16.300000 2.881153
16.320000 2.918961
16.340000 2.940430
16.360000 2.969591
16.380000 2.952199
16.400000 2.966500
16.420000 2.968539
16.440000 2.967454
16.460000 2.962884
16.480000 2.952955
16.500000 2.938983
16.520000 2.922380
16.540000 2.876288
16.560000 2.850776
16.580000 2.810009
16.600000 2.776442
16.620000 2.735248
16.640000 2.695599
16.660000 2.647534
16.680000 2.613638
16.700000 2.551304
16.720000 2.495842
16.740000 2.450440
16.760000 2.375744
16.780000 2.308085
16.800000 2.260315
16.820000 2.178289
16.840000 2.133215
16.860000 2.067035
16.880000 2.004931
16.900000 1.942137
16.920000 1.855705
16.940000 1.810369
16.960000 1.742643
16.980000 1.661636
17.000000 1.630995
17.020000 1.556070
17.040000 1.497517
17.060000 1.449254
17.080000 1.385178
17.100000 1.343622
17.120000 1.282604
17.140000 1.232632
17.160000 1.177432
17.180000 1.120589
17.200000 1.084852
17.220000 1.037642
17.240000 0.998683
17.260000 0.942070
17.280000 0.906399
17.300000 0.869512
17.320000 0.833808
17.340000 0.804942
17.360000 0.753524
17.380000 0.719694
17.400000 0.693294
17.420000 0.661042
17.440000 0.629185
17.460000 0.595585
17.480000 0.576747
17.500000 0.539926
17.520000 0.532430
17.540000 0.494162
17.560000 0.479137
17.580000 0.477230
17.600000 0.450042
17.620000 0.449022
17.640000 0.433077
17.660000 0.427193
17.680000 0.423412
17.700000 0.417560
17.720000 0.422360
17.740000 0.422951
17.760000 0.427423
17.780000 0.426897
17.800000 0.429329
17.820000 0.455959
17.840000 0.457669
17.860000 0.484299
17.880000 0.496660
17.900000 0.525427
17.920000 0.539038
17.940000 0.557515
17.960000 0.570271
17.980000 0.599892
18.000000 0.605679
18.020000 0.625766
18.040000 0.657163
18.060000 0.666434
18.080000 0.685437
18.100000 0.706741
18.120000 0.704505
18.140000 0.713776
18.160000 0.731168
18.180000 0.729886
18.200000 0.729162
18.220000 0.742477
18.240000 0.744285
18.260000 0.743464
18.280000 0.748954
18.300000 0.763748
18.320000 0.753984
18.340000 0.768614
18.360000 0.767792
18.380000 0.771178
18.400000 0.772789
18.420000 0.787584
18.440000 0.791101
18.460000 0.804252
18.480000 0.807014
18.500000 0.800044
18.520000 0.815825
18.540000 0.816712
18.560000 0.824866
18.580000 0.822400
18.600000 0.835846
18.620000 0.843934
18.640000 0.840383
18.660000 0.846071
18.680000 0.844295
18.700000 0.840120
18.720000 0.832033
18.740000 0.840350
18.760000 0.835682
18.780000 0.841698
18.800000 0.839233
18.820000 0.825490
18.840000 0.828087
18.860000 0.815003
18.880000 0.813753
18.900000 0.807408
18.920000 0.795375
18.940000 0.797348
18.960000 0.784329
18.980000 0.777063
19.000000 0.779365
19.020000 0.763978
19.040000 0.752768
19.060000 0.749842
19.080000 0.730477
19.100000 0.725250
19.120000 0.713579
19.140000 0.698291
19.160000 0.703650
19.180000 0.691157
19.200000 0.681886
19.220000 0.670215
19.240000 0.662357
19.260000 0.653974
19.280000 0.649897
19.300000 0.637010
19.320000 0.634774
19.340000 0.618073
19.360000 0.623761
19.380000 0.618040
19.400000 0.605153
19.420000 0.609032
19.440000 0.604035
19.460000 0.597788
19.480000 0.589043
19.500000 0.593218
19.520000 0.594172
19.540000 0.595355
19.560000 0.586939
19.580000 0.584440
19.600000 0.576780
19.620000 0.585920
19.640000 0.570862
19.660000 0.581810
19.680000 0.574183
19.700000 0.592101
19.720000 0.585558
19.740000 0.592758
19.760000 0.584736
19.780000 0.582369
19.800000 0.585131
19.820000 0.606435
19.840000 0.613043
19.860000 0.610117
19.880000 0.613536
19.900000 0.620900
19.920000 0.632308
19.940000 0.633492
19.960000 0.641908
19.980000 0.657459
20.000000 0.659662
20.020000 0.673404
20.040000 0.684155
20.060000 0.695694
20.080000 0.707497
20.100000 0.711804
20.120000 0.721930
20.140000 0.737086
20.160000 0.750302
20.180000 0.757305
20.200000 0.769403
20.220000 0.776110
20.240000 0.792417
20.260000 0.814477
20.280000 0.830981
20.300000 0.837063
20.320000 0.852153
20.340000 0.858465
20.360000 0.878980
20.380000 0.887166
20.400000 0.904196
20.420000 0.909851
20.440000 0.933719
20.460000 0.931484
20.480000 0.949927
20.500000 0.956108
20.520000 0.962848
20.540000 0.987900
20.560000 0.984382
20.580000 0.989445
20.600000 1.000097
20.620000 1.007099
20.640000 1.025740
20.660000 1.028601
20.680000 1.036458
20.700000 1.036294
20.720000 1.054573
20.740000 1.060458
20.760000 1.068118
20.780000 1.074496
20.800000 1.067428
20.820000 1.082452
20.840000 1.070913
20.860000 1.086332
20.880000 1.082222
20.900000 1.087384
20.920000 1.082354
20.940000 1.085049
20.960000 1.087154
20.980000 1.090934
21.000000 1.084754
21.020000 1.085082
21.040000 1.085049
21.060000 1.083866
21.080000 1.083537
21.100000 1.082485
21.120000 1.079723
21.140000 1.067888
21.160000 1.076107
21.180000 1.067625
21.200000 1.056480
21.220000 1.064995
21.240000 1.056348
21.260000 1.042639
21.280000 1.035801
21.300000 1.025872
21.320000 1.018310
21.340000 1.017324
21.360000 1.018343
21.380000 0.998091
21.400000 0.977675
21.420000 0.974355
21.440000 0.966892
21.460000 0.958508
21.480000 0.941675
21.500000 0.929018
21.520000 0.906498
21.540000 0.892525
21.560000 0.876810
21.580000 0.858991
21.600000 0.853764
21.620000 0.828449
21.640000 0.812405
21.660000 0.806060
21.680000 0.782422
21.700000 0.766444
21.720000 0.742938
21.740000 0.715091
21.760000 0.701349
21.780000 0.693787
21.800000 0.665875
21.820000 0.647826
21.840000 0.639574
21.860000 0.605777
21.880000 0.607651
21.900000 0.571783
21.920000 0.561263
21.940000 0.548079
21.960000 0.535981
21.980000 0.513099
22.000000 0.500047
22.020000 0.497844
22.040000 0.496792
22.060000 0.471510
22.080000 0.462305
22.100000 0.458129
22.120000 0.441823
22.140000 0.435346
22.160000 0.423741
22.180000 0.417001
22.200000 0.409801
22.220000 0.407795
22.240000 0.399708
22.260000 0.388760
22.280000 0.386261
22.300000 0.386163
22.320000 0.372026
22.340000 0.382678
22.360000 0.380771
22.380000 0.386952
22.400000 0.377385
22.420000 0.371960
22.440000 0.385242
22.460000 0.390108
22.480000 0.386459
22.500000 0.393889
22.520000 0.386919
22.540000 0.410886
22.560000 0.405198
22.580000 0.413812
22.600000 0.418053
22.620000 0.432551
22.640000 0.427423
22.660000 0.444157
22.680000 0.454546
22.700000 0.451718
22.720000 0.477198
22.740000 0.471017
22.760000 0.491269
22.780000 0.499553
22.800000 0.522698
22.820000 0.524704
22.840000 0.535619
22.860000 0.552386
22.880000 0.564616
22.900000 0.589109
22.920000 0.598873
22.940000 0.597394
22.960000 0.626029
22.980000 0.638851
23.000000 0.652758
23.020000 0.664363
23.040000 0.677908
23.060000 0.686390
23.080000 0.696878
23.100000 0.709930
23.120000 0.715223
23.140000 0.724987
23.160000 0.746718
23.180000 0.751091
23.200000 0.759014
23.220000 0.775189
23.240000 0.778148
23.260000 0.786334
23.280000 0.801359
23.300000 0.805666
23.320000 0.818882
23.340000 0.818915
23.360000 0.825030
23.380000 0.827923
23.400000 0.833150
23.420000 0.848241
23.440000 0.846334
23.460000 0.859189
23.480000 0.869347
23.500000 0.865271
23.520000 0.870991
23.540000 0.882432
23.560000 0.883155
23.580000 0.901369
23.600000 0.907747
23.620000 0.901073
23.640000 0.903736
23.660000 0.915440
23.680000 0.922377
23.700000 0.915407
23.720000 0.929511
23.740000 0.923429
23.760000 0.937171
23.780000 0.926980
23.800000 0.938947
23.820000 0.943286
23.840000 0.936678
23.860000 0.941774
23.880000 0.937928
23.900000 0.945095
23.920000 0.945456
23.940000 0.949138
23.960000 0.938355
23.980000 0.937730
24.000000 0.937664
24.020000 0.943780
24.040000 0.942366
24.060000 0.934673
24.080000 0.935659
24.100000 0.930366
24.120000 0.933588
24.140000 0.930004
24.160000 0.921424
24.180000 0.920865
24.200000 0.919517
24.220000 0.918432
24.240000 0.908273
24.260000 0.906333
24.280000 0.901500
24.300000 0.905413
24.320000 0.891703
24.340000 0.889829
24.360000 0.887988
24.380000 0.882366
24.400000 0.870531
24.420000 0.872832
24.440000 0.869709
24.460000 0.869545
24.480000 0.846169
24.500000 0.851430
24.520000 0.847156
24.540000 0.842980
24.560000 0.831835
24.580000 0.834202
24.600000 0.828581
24.620000 0.824142
24.640000 0.820657
24.660000 0.810762
24.680000 0.819605
24.700000 0.814148
24.720000 0.808920
24.740000 0.807901
24.760000 0.802181
24.780000 0.799419
24.800000 0.806784
24.820000 0.804285
24.840000 0.807967
24.860000 0.805403
24.880000 0.806060
24.900000 0.806816
24.920000 0.800866
24.940000 0.805304
24.960000 0.804942
24.980000 0.807868
25.000000 0.801260
25.020000 0.808723
25.040000 0.793797
25.060000 0.809447
25.080000 0.818093
25.100000 0.813063
25.120000 0.809874
25.140000 0.817468
25.160000 0.807342
25.180000 0.817501
25.200000 0.819704
25.220000 0.815430
25.240000 0.819277
25.260000 0.822170
25.280000 0.829139
25.300000 0.820033
25.320000 0.840811
25.340000 0.841633
25.360000 0.837424
25.380000 0.844887
25.400000 0.850608
25.420000 0.846695
25.440000 0.852810
25.460000 0.853600
25.480000 0.858761
25.500000 0.853731
25.520000 0.868262
25.540000 0.865435
25.560000 0.865830
25.580000 0.872240
25.600000 0.872536
25.620000 0.869545
25.640000 0.873358
25.660000 0.870860
25.680000 0.872569
25.700000 0.880295
25.720000 0.883550
25.740000 0.878257
25.760000 0.881413
25.780000 0.887101
25.800000 0.882629
25.820000 0.883879
25.840000 0.880821
25.860000 0.882531
25.880000 0.885194
25.900000 0.883024
25.920000 0.877632
25.940000 0.877665
25.960000 0.887955
25.980000 0.885161
26.000000 0.883024
26.020000 0.890388
26.040000 0.883616
26.060000 0.881117
26.080000 0.881216
26.100000 0.881051
26.120000 0.894728
26.140000 0.880624
26.160000 0.878487
26.180000 0.884964
26.200000 0.881084
26.220000 0.875758
26.240000 0.886706
26.260000 0.884569
26.280000 0.887002
26.300000 0.877040
26.320000 0.882103
26.340000 0.873523
26.360000 0.883320
26.380000 0.884207
26.400000 0.874476
26.420000 0.887068
26.440000 0.871616
26.460000 0.884175
26.480000 0.875857
26.500000 0.874608
26.520000 0.874410
26.540000 0.876251
26.560000 0.873588
26.580000 0.883550
26.600000 0.872931
26.620000 0.870597
26.640000 0.874640
26.660000 0.870465
26.680000 0.872405
26.700000 0.876218
26.720000 0.868657
26.740000 0.859978
26.760000 0.866125
26.780000 0.861293
26.800000 0.863824
26.820000 0.856131
26.840000 0.855276
26.860000 0.855835
26.880000 0.852712
26.900000 0.842093
26.920000 0.846597
26.940000 0.842422
26.960000 0.841106
26.980000 0.836701
27.000000 0.833479
27.020000 0.831441
27.040000 0.825260
27.060000 0.836142
27.080000 0.818520
27.100000 0.821709
27.120000 0.815825
27.140000 0.806882
27.160000 0.810794
27.180000 0.808559
27.200000 0.808920
27.220000 0.804581
27.240000 0.804515
27.260000 0.795244
27.280000 0.794192
27.300000 0.791891
27.320000 0.791595
27.340000 0.794685
27.360000 0.793830
27.380000 0.796625
27.400000 0.779726
27.420000 0.781962
27.440000 0.785348
27.460000 0.772855
27.480000 0.786104
27.500000 0.774926
27.520000 0.781436
27.540000 0.779825
27.560000 0.780417
27.580000 0.775518
27.600000 0.769206
27.620000 0.785710
27.640000 0.769535
27.660000 0.773841
27.680000 0.770356
27.700000 0.780285
27.720000 0.770948
27.740000 0.773743
27.760000 0.777787
27.780000 0.778115
27.800000 0.782948
27.820000 0.782455
27.840000 0.774959
27.860000 0.776406
27.880000 0.780745
27.900000 0.780351
27.920000 0.770061
27.940000 0.776767
27.960000 0.791595
27.980000 0.789688
28.000000 0.782389
28.020000 0.787321
28.040000 0.786039
28.060000 0.781107
28.080000 0.792581
28.100000 0.784197
28.120000 0.790641
28.140000 0.788143
28.160000 0.798795
28.180000 0.791562
28.200000 0.785743
28.220000 0.784822
28.240000 0.793041
28.260000 0.794488
28.280000 0.792877
28.300000 0.781699
28.320000 0.785512
28.340000 0.787781
28.360000 0.773184
28.380000 0.777458
28.400000 0.775124
28.420000 0.778937
28.440000 0.761480
28.460000 0.761841
28.480000 0.760263
28.500000 0.748954
28.520000 0.760296
28.540000 0.744614
28.560000 0.756844
28.580000 0.737414
28.600000 0.735606
28.620000 0.736790
28.640000 0.740307
28.660000 0.732286
28.680000 0.734291
28.700000 0.734061
28.720000 0.721075
28.740000 0.726466
28.760000 0.722258
28.780000 0.718313
28.800000 0.721995
28.820000 0.713776
28.840000 0.714204
28.860000 0.719004
28.880000 0.726039
28.900000 0.717228
28.920000 0.713875
28.940000 0.722390
28.960000 0.724461
28.980000 0.717886
29.000000 0.715782
29.020000 0.728932
29.040000 0.719793
29.060000 0.726828
29.080000 0.729425
29.100000 0.724987
29.120000 0.715091
29.140000 0.726664
29.160000 0.723705
29.180000 0.712823
29.200000 0.714401
29.220000 0.715584
29.240000 0.722028
29.260000 0.712297
29.280000 0.705919
29.300000 0.704604
29.320000 0.703289
29.340000 0.700395
29.360000 0.695990
29.380000 0.694412
29.400000 0.688264
29.420000 0.686324
29.440000 0.695398
29.460000 0.678566
29.480000 0.678993
29.500000 0.690467
29.520000 0.673075
29.540000 0.667848
29.560000 0.673996
29.580000 0.676231
29.600000 0.663968
29.620000 0.668341
29.640000 0.665645
29.660000 0.665579
29.680000 0.673897
29.700000 0.656604
29.720000 0.659596
29.740000 0.656703
29.760000 0.654993
29.780000 0.657590
29.800000 0.642664
29.820000 0.649930
29.840000 0.638917
29.860000 0.627903
29.880000 0.627344
29.900000 0.630895
29.920000 0.631947
29.940000 0.621755
29.960000 0.622774
29.980000 0.616561
30.000000 0.617317
30.020000 0.604857
30.040000 0.613043
30.060000 0.597821
30.080000 0.609689
30.100000 0.601733
30.120000 0.593383
30.140000 0.590621
30.160000 0.597098
30.180000 0.587761
30.200000 0.583980
30.220000 0.592199
30.240000 0.586610
30.260000 0.591509
30.280000 0.579147
30.300000 0.577339
30.320000 0.583158
30.340000 0.584177
30.360000 0.568725
30.380000 0.566457
30.400000 0.561887
30.420000 0.563531
30.440000 0.550479
30.460000 0.554819
30.480000 0.555147
30.500000 0.562413
30.520000 0.552649
30.540000 0.552386
30.560000 0.551597
30.580000 0.551465
30.600000 0.542819
30.620000 0.545843
30.640000 0.531937
30.660000 0.530950
30.680000 0.527597
30.700000 0.536309
30.720000 0.517471
30.740000 0.513197
30.760000 0.528945
30.780000 0.515729
30.800000 0.518720
30.820000 0.521844
30.840000 0.510173
30.860000 0.520989
30.880000 0.521745
30.900000 0.515466
30.920000 0.517307
30.940000 0.507082
30.960000 0.514315
30.980000 0.501690
31.000000 0.505932
31.020000 0.502710
31.040000 0.508397
31.060000 0.505405
31.080000 0.514479
31.100000 0.496562
31.120000 0.504485
31.140000 0.505373
31.160000 0.498304
31.180000 0.509942
31.200000 0.497186
31.220000 0.509416
31.240000 0.507970
31.260000 0.504255
31.280000 0.514085
31.300000 0.514512
31.320000 0.509778
31.340000 0.511225
31.360000 0.518457
31.380000 0.529077
31.400000 0.508693
31.420000 0.509712
31.440000 0.518162
31.460000 0.522534
31.480000 0.511586
31.500000 0.520101
31.520000 0.530227
31.540000 0.526874
31.560000 0.524704
31.580000 0.524704
31.600000 0.527235
31.620000 0.529438
31.640000 0.523619
31.660000 0.529241
31.680000 0.530457
31.700000 0.529931
31.720000 0.534041
31.740000 0.523159
31.760000 0.525723
31.780000 0.515301
31.800000 0.531707
31.820000 0.521088
31.840000 0.522896
31.860000 0.514808
31.880000 0.513526
31.900000 0.523520
31.920000 0.531345
31.940000 0.519509
31.960000 0.532561
31.980000 0.520825
32.000000 0.529931
32.020000 0.530983
32.040000 0.530096
32.060000 0.531707
32.080000 0.534863
32.100000 0.530687
32.120000 0.544265
32.140000 0.548934
32.160000 0.550841
32.180000 0.543279
32.200000 0.550413
32.220000 0.549065
32.240000 0.561263
32.260000 0.556528
32.280000 0.555147
32.300000 0.574939
32.320000 0.572408
32.340000 0.565471
32.360000 0.571619
32.380000 0.579443
32.400000 0.583586
32.420000 0.581843
32.440000 0.588484
32.460000 0.598511
32.480000 0.581153
32.500000 0.590720
32.520000 0.585262
32.540000 0.595520
32.560000 0.594139
32.580000 0.595717
32.600000 0.601766
32.620000 0.601405
32.640000 0.604133
32.660000 0.599728
32.680000 0.590884
32.700000 0.607980
32.720000 0.596144
32.740000 0.588879
32.760000 0.592068
32.780000 0.594632
32.800000 0.604331
32.820000 0.597032
32.840000 0.587038
32.860000 0.581153
32.880000 0.565635
32.900000 0.573920
32.920000 0.570172
32.940000 0.555739
32.960000 0.525066
32.980000 0.559684
33.000000 0.538742
33.020000 0.520857
33.040000 0.536079
33.060000 0.531378
33.080000 0.528024
33.100000 0.513920
33.120000 0.515663
33.140000 0.520299
33.160000 0.492091
33.180000 0.505734
33.200000 0.502184
33.220000 0.499027
33.240000 0.506326
33.260000 0.492584
33.280000 0.489000
33.300000 0.488737
33.320000 0.490611
33.340000 0.479006
33.360000 0.479302
33.380000 0.474633
33.400000 0.466250
33.420000 0.465855
33.440000 0.472266
33.460000 0.464968
33.480000 0.469472
33.500000 0.471181
33.520000 0.466118
33.540000 0.457110
33.560000 0.461187
33.580000 0.463324
33.600000 0.453592
33.620000 0.455236
33.640000 0.453132
33.660000 0.447280
33.680000 0.447740
33.700000 0.448529
33.720000 0.447083
33.740000 0.446721
33.760000 0.439455
33.780000 0.433340
33.800000 0.430677
33.820000 0.434097
33.840000 0.434951
33.860000 0.429954
33.880000 0.421899
33.900000 0.418678
33.920000 0.417297
33.940000 0.410491
33.960000 0.419927
33.980000 0.414502
34.000000 0.415061
34.020000 0.403554
34.040000 0.415390
34.060000 0.400661
34.080000 0.397472
34.100000 0.404179
34.120000 0.412595
34.140000 0.403127
34.160000 0.415653
34.180000 0.407993
34.200000 0.415850
34.220000 0.401023
34.240000 0.404771
34.260000 0.406579
34.280000 0.393198
34.300000 0.400464
34.320000 0.405067
34.340000 0.402634
34.360000 0.398820
34.380000 0.401713
34.400000 0.395072
34.420000 0.400333
34.440000 0.403752
34.460000 0.397867
34.480000 0.407828
34.500000 0.400464
34.520000 0.406875
34.540000 0.398327
34.560000 0.402239
34.580000 0.404442
34.600000 0.406941
34.620000 0.410689
34.640000 0.402272
34.660000 0.417198
34.680000 0.409867
34.700000 0.413878
34.720000 0.419697
34.740000 0.415982
34.760000 0.431762
34.780000 0.422951
34.800000 0.442677
34.820000 0.432453
34.840000 0.435181
34.860000 0.442842
34.880000 0.438272
34.900000 0.454480
34.920000 0.443696
34.940000 0.445242
34.960000 0.453033
34.980000 0.451948
35.000000 0.457537
35.020000 0.455368
35.040000 0.467433
35.060000 0.454940
35.080000 0.456650
35.100000 0.450568
35.120000 0.452770
35.140000 0.450239
35.160000 0.454118
35.180000 0.447938
35.200000 0.450370
35.220000 0.438075
35.240000 0.439258
35.260000 0.446195
35.280000 0.426864
35.300000 0.436924
35.320000 0.433242
35.340000 0.427587
35.360000 0.421998
35.380000 0.429428
35.400000 0.421012
35.420000 0.417691
35.440000 0.410261
35.460000 0.415160
35.480000 0.413943
35.500000 0.411215
35.520000 0.404606
35.540000 0.389713
35.560000 0.390502
35.580000 0.401187
35.600000 0.393034
35.620000 0.383894
35.640000 0.386590
35.660000 0.387149
35.680000 0.370777
35.700000 0.373472
35.720000 0.385078
35.740000 0.384223
35.760000 0.384223
35.780000 0.376530
35.800000 0.382974
35.820000 0.388037
35.840000 0.392804
35.860000 0.401615
35.880000 0.407467
35.900000 0.428935
35.920000 0.446294
35.940000 0.470228
35.960000 0.473778
35.980000 0.503795
36.000000 0.514052
36.020000 0.533811
36.040000 0.558008
36.060000 0.580397
36.080000 0.618961
36.100000 0.642467
36.120000 0.681130
36.140000 0.694708
36.160000 0.726861
36.180000 0.738302
36.200000 0.761480
36.220000 0.786630
36.240000 0.794290
36.260000 0.794685
36.280000 0.820789
36.300000 0.819835
36.320000 0.823945
36.340000 0.806323
36.360000 0.805337
36.380000 0.798827
36.400000 0.793206
36.420000 0.775945
36.440000 0.761447
36.460000 0.737349
36.480000 0.710127
36.500000 0.696417
36.520000 0.666171
36.540000 0.657853
36.560000 0.623169
36.580000 0.585657
36.600000 0.566950
36.620000 0.544331
36.640000 0.521909
36.660000 0.513822
36.680000 0.489428
36.700000 0.465691
36.720000 0.441033
36.740000 0.449844
36.760000 0.424628
36.780000 0.395598
36.800000 0.403916
36.820000 0.378831
36.840000 0.363445
36.860000 0.357067
36.880000 0.353155
36.900000 0.344706
36.920000 0.324815
36.940000 0.319029
36.960000 0.318996
36.980000 0.298120
37.000000 0.302098
37.020000 0.301144
37.040000 0.285660
37.060000 0.290361
37.080000 0.295555
37.100000 0.274350
37.120000 0.279216
37.140000 0.276191
37.160000 0.280728
37.180000 0.268268
37.200000 0.270536
37.220000 0.267972
37.240000 0.262219
37.260000 0.270076
37.280000 0.252454
37.300000 0.264619
37.320000 0.259260
37.340000 0.249101
37.360000 0.255315
37.380000 0.265112
37.400000 0.254822
37.420000 0.270504
37.440000 0.256860
37.460000 0.258668
37.480000 0.261430
37.500000 0.270175
37.520000 0.276093
37.540000 0.265868
37.560000 0.279972
37.580000 0.278065
37.600000 0.286449
37.620000 0.278394
37.640000 0.285791
37.660000 0.295490
37.680000 0.300914
37.700000 0.296870
37.720000 0.308443
37.740000 0.309363
37.760000 0.315347
37.780000 0.312257
37.800000 0.321133
37.820000 0.322514
37.840000 0.327347
37.860000 0.332673
37.880000 0.342602
37.900000 0.340202
37.920000 0.339873
37.940000 0.344475
37.960000 0.350327
37.980000 0.355719
38.000000 0.357199
38.020000 0.362821
38.040000 0.360716
38.060000 0.363347
38.080000 0.363314
38.100000 0.367949
38.120000 0.368442
38.140000 0.366897
38.160000 0.379752
38.180000 0.380968
38.200000 0.379160
38.220000 0.383105
38.240000 0.386393
38.260000 0.395368
38.280000 0.394250
38.300000 0.395171
38.320000 0.406579
38.340000 0.403127
38.360000 0.407434
38.380000 0.418184
38.400000 0.415850
38.420000 0.417165
38.440000 0.425516
38.460000 0.423477
38.480000 0.435149
38.500000 0.431795
38.520000 0.428047
38.540000 0.435313
38.560000 0.441724
38.580000 0.441954
38.600000 0.433866
38.620000 0.437844
38.640000 0.416113
38.660000 0.421143
38.680000 0.430776
38.700000 0.425417
38.720000 0.422721
38.740000 0.419368
38.760000 0.425779
38.780000 0.420847
38.800000 0.417527
38.820000 0.423313
38.840000 0.412563
38.860000 0.409965
38.880000 0.403489
38.900000 0.410590
38.920000 0.398853
38.940000 0.398754
38.960000 0.395072
38.980000 0.409374
39.000000 0.402272
39.020000 0.387905
39.040000 0.391423
39.060000 0.405757
39.080000 0.386196
39.100000 0.400431
39.120000 0.391850
39.140000 0.371303
39.160000 0.373242
39.180000 0.374360
39.200000 0.378174
39.220000 0.371401
39.240000 0.366536
39.260000 0.361078
39.280000 0.353023
39.300000 0.352070
39.320000 0.353056
39.340000 0.352366
39.360000 0.333166
39.380000 0.331292
39.400000 0.329747
39.420000 0.330437
39.440000 0.320673
39.460000 0.314295
39.480000 0.301046
39.500000 0.293583
39.520000 0.301966
39.540000 0.302492
39.560000 0.297429
39.580000 0.294635
39.600000 0.291939
39.620000 0.283523
39.640000 0.280991
39.660000 0.275402
39.680000 0.278624
39.700000 0.263106
39.720000 0.264060
39.740000 0.271917
39.760000 0.260411
39.780000 0.262383
39.800000 0.264520
39.820000 0.268202
39.840000 0.267019
39.860000 0.258569
39.880000 0.256531
39.900000 0.265605
39.920000 0.257616
39.940000 0.263961
39.960000 0.255906
39.980000 0.260838
40.000000 0.262810
