0.000000 0.316333
0.020000 0.320213
0.040000 0.316991
0.060000 0.322810
0.080000 0.330930
0.100000 0.320246
0.120000 0.325670
0.140000 0.327248
0.160000 0.327084
0.180000 0.330832
0.200000 0.326952
0.220000 0.314788
0.240000 0.315248
0.260000 0.330043
0.280000 0.322481
0.300000 0.326163
0.320000 0.324224
0.340000 0.317714
0.360000 0.324256
0.380000 0.314328
0.400000 0.319194
0.420000 0.323928
0.440000 0.320673
0.460000 0.321166
0.480000 0.314492
0.500000 0.327248
0.520000 0.310711
0.540000 0.316399
0.560000 0.316629
0.580000 0.322547
0.600000 0.320180
0.620000 0.320311
0.640000 0.325572
0.660000 0.310876
0.680000 0.308410
0.700000 0.313407
0.720000 0.312388
0.740000 0.313900
0.760000 0.305583
0.780000 0.307950
0.800000 0.322876
0.820000 0.311139
0.840000 0.316925
0.860000 0.315972
0.880000 0.324388
0.900000 0.313177
0.920000 0.318832
0.940000 0.320344
0.960000 0.302295
0.980000 0.319325
1.000000 0.316728
1.020000 0.311139
1.040000 0.316202
1.060000 0.317385
1.080000 0.324355
1.100000 0.323073
1.120000 0.335040
1.140000 0.320903
1.160000 0.315018
1.180000 0.324717
1.200000 0.321594
1.220000 0.331259
1.240000 0.339643
1.260000 0.334481
1.280000 0.336256
1.300000 0.336947
1.320000 0.345429
1.340000 0.338163
1.360000 0.342503
1.380000 0.357034
1.400000 0.338952
1.420000 0.361210
1.440000 0.351675
1.460000 0.361078
1.480000 0.360125
1.500000 0.367127
1.520000 0.361045
1.540000 0.370711
1.560000 0.366174
1.580000 0.376596
1.600000 0.382875
1.620000 0.371270
1.640000 0.382316
1.660000 0.381034
1.680000 0.375412
1.700000 0.382941
1.720000 0.390141
1.740000 0.385111
1.760000 0.392771
1.780000 0.389681
1.800000 0.389220
1.820000 0.391259
1.840000 0.389779
1.860000 0.392672
1.880000 0.384453
1.900000 0.393593
1.920000 0.389911
1.940000 0.394086
1.960000 0.391028
1.980000 0.394744
2.000000 0.388793
2.020000 0.399971
2.040000 0.381034
2.060000 0.394546
2.080000 0.381823
2.100000 0.383007
2.120000 0.387445
2.140000 0.391028
2.160000 0.385571
2.180000 0.385045
2.200000 0.378733
2.220000 0.392574
2.240000 0.384486
2.260000 0.384256
2.280000 0.382678
2.300000 0.377516
2.320000 0.382974
2.340000 0.387839
2.360000 0.388563
2.380000 0.374426
2.400000 0.390207
2.420000 0.391489
2.440000 0.388234
2.460000 0.385439
2.480000 0.393856
2.500000 0.394875
2.520000 0.395533
2.540000 0.399083
2.560000 0.405790
2.580000 0.405626
2.600000 0.407894
2.620000 0.406875
2.640000 0.410261
2.660000 0.403587
2.680000 0.413384
2.700000 0.416869
2.720000 0.412004
2.740000 0.414404
2.760000 0.419664
2.780000 0.420650
2.800000 0.415390
2.820000 0.429593
2.840000 0.426338
2.860000 0.434097
2.880000 0.439390
2.900000 0.438831
2.920000 0.445768
2.940000 0.448168
2.960000 0.454348
2.980000 0.438338
3.000000 0.457965
3.020000 0.460759
3.040000 0.464770
3.060000 0.466020
3.080000 0.471247
3.100000 0.481899
3.120000 0.480781
3.140000 0.485482
3.160000 0.480682
3.180000 0.485877
3.200000 0.496134
3.220000 0.506227
3.240000 0.489296
3.260000 0.490512
3.280000 0.490480
3.300000 0.490512
3.320000 0.491663
3.340000 0.488606
3.360000 0.501164
3.380000 0.494326
3.400000 0.499488
3.420000 0.502414
3.440000 0.495674
3.460000 0.493767
3.480000 0.490118
3.500000 0.498666
3.520000 0.499027
3.540000 0.493274
3.560000 0.501460
3.580000 0.492321
3.600000 0.491071
3.620000 0.498797
3.640000 0.491959
3.660000 0.500507
3.680000 0.492485
3.700000 0.507214
3.720000 0.500704
3.740000 0.499060
3.760000 0.498140
3.780000 0.496036
3.800000 0.496134
3.820000 0.496989
3.840000 0.500178
3.860000 0.501099
3.880000 0.498436
3.900000 0.505537
3.920000 0.496956
3.940000 0.499784
3.960000 0.493866
3.980000 0.498699
4.000000 0.500606
4.020000 0.490118
4.040000 0.496134
4.060000 0.492617
4.080000 0.486008
4.100000 0.477329
4.120000 0.487389
4.140000 0.491039
4.160000 0.493603
4.180000 0.486107
4.200000 0.484299
4.220000 0.483510
4.240000 0.486962
4.260000 0.483181
4.280000 0.487323
4.300000 0.489658
4.320000 0.482359
4.340000 0.482359
4.360000 0.496167
4.380000 0.490447
4.400000 0.498962
4.420000 0.494556
4.440000 0.494228
4.460000 0.499751
4.480000 0.494228
4.500000 0.498732
4.520000 0.498666
4.540000 0.494918
4.560000 0.503170
4.580000 0.503827
4.600000 0.500277
4.620000 0.505208
4.640000 0.511718
4.660000 0.511981
4.680000 0.501395
4.700000 0.506786
4.720000 0.520562
4.740000 0.519707
4.760000 0.512638
4.780000 0.518688
4.800000 0.518162
4.820000 0.511455
4.840000 0.527433
4.860000 0.530589
4.880000 0.527860
4.900000 0.529734
4.920000 0.531082
4.940000 0.536309
4.960000 0.528912
4.980000 0.530063
5.000000 0.539465
5.020000 0.547783
5.040000 0.540287
5.060000 0.544594
5.080000 0.531411
5.100000 0.543148
5.120000 0.544660
5.140000 0.543180
5.160000 0.537591
5.180000 0.534600
5.200000 0.541997
5.220000 0.544101
5.240000 0.547652
5.260000 0.545022
5.280000 0.541767
5.300000 0.548868
5.320000 0.544167
5.340000 0.546665
5.360000 0.538972
5.380000 0.541997
5.400000 0.544331
5.420000 0.539827
5.440000 0.535356
5.460000 0.541898
5.480000 0.543411
5.500000 0.543937
5.520000 0.542063
5.540000 0.542819
5.560000 0.542917
5.580000 0.543937
5.600000 0.547750
5.620000 0.540189
5.640000 0.553109
5.660000 0.557219
5.680000 0.545745
5.700000 0.550085
5.720000 0.546304
5.740000 0.551301
5.760000 0.548934
5.780000 0.556791
5.800000 0.555641
5.820000 0.550380
5.840000 0.557547
5.860000 0.551728
5.880000 0.563860
5.900000 0.556035
5.920000 0.553931
5.940000 0.553504
5.960000 0.558304
5.980000 0.563564
6.000000 0.556298
6.020000 0.563334
6.040000 0.548868
6.060000 0.563334
6.080000 0.556726
6.100000 0.559882
6.120000 0.563038
6.140000 0.573262
6.160000 0.572112
6.180000 0.572835
6.200000 0.569514
6.220000 0.556857
6.240000 0.567969
6.260000 0.566983
6.280000 0.573098
6.300000 0.572473
6.320000 0.568397
6.340000 0.568134
6.360000 0.572769
6.380000 0.560736
6.400000 0.572572
6.420000 0.568660
6.440000 0.564616
6.460000 0.569251
6.480000 0.566753
6.500000 0.570534
6.520000 0.559586
6.540000 0.568561
6.560000 0.568430
6.580000 0.564747
6.600000 0.563104
6.620000 0.573493
6.640000 0.564254
6.660000 0.562775
6.680000 0.561361
6.700000 0.567772
6.720000 0.561690
6.740000 0.565536
6.760000 0.557120
6.780000 0.561098
6.800000 0.556561
6.820000 0.566621
6.840000 0.574051
6.860000 0.559487
6.880000 0.569646
6.900000 0.566424
6.920000 0.562249
6.940000 0.570895
6.960000 0.573821
6.980000 0.573394
7.000000 0.570862
7.020000 0.571882
7.040000 0.574610
7.060000 0.571849
7.080000 0.573920
7.100000 0.569219
7.120000 0.576550
7.140000 0.580199
7.160000 0.574577
7.180000 0.570961
7.200000 0.580955
7.220000 0.585755
7.240000 0.585558
7.260000 0.588418
7.280000 0.590621
7.300000 0.590194
7.320000 0.593317
7.340000 0.595816
7.360000 0.604758
7.380000 0.599005
7.400000 0.598018
7.420000 0.603509
7.440000 0.609657
7.460000 0.605481
7.480000 0.615377
7.500000 0.615278
7.520000 0.622741
7.540000 0.622807
7.560000 0.620210
7.580000 0.615969
7.600000 0.636648
7.620000 0.634643
7.640000 0.632013
7.660000 0.639738
7.680000 0.638489
7.700000 0.647464
7.720000 0.640791
7.740000 0.649667
7.760000 0.639015
7.780000 0.651410
7.800000 0.655979
7.820000 0.656407
7.840000 0.664429
7.860000 0.659596
7.880000 0.658610
7.900000 0.668045
7.920000 0.675738
7.940000 0.677579
7.960000 0.673996
7.980000 0.679387
8.000000 0.675311
8.020000 0.672451
8.040000 0.676461
8.060000 0.679322
8.080000 0.676264
8.100000 0.678434
8.120000 0.683004
8.140000 0.685437
8.160000 0.687212
8.180000 0.685535
8.200000 0.687968
8.220000 0.679223
8.240000 0.692670
8.260000 0.688987
8.280000 0.695694
8.300000 0.701152
8.320000 0.703321
8.340000 0.699311
8.360000 0.715749
8.380000 0.718313
8.400000 0.730609
8.420000 0.732910
8.440000 0.742773
8.460000 0.755726
8.480000 0.761578
8.500000 0.769666
8.520000 0.793238
8.540000 0.793173
8.560000 0.801688
8.580000 0.814181
8.600000 0.826970
8.620000 0.836372
8.640000 0.849260
8.660000 0.867736
8.680000 0.873753
8.700000 0.889369
8.720000 0.901829
8.740000 0.913040
8.760000 0.928065
8.780000 0.935528
8.800000 0.951177
8.820000 0.955220
8.840000 0.968141
8.860000 0.973664
8.880000 0.970705
8.900000 0.982672
8.920000 0.990760
8.940000 0.993028
8.960000 0.998289
8.980000 0.996053
9.000000 0.994606
9.020000 0.990069
9.040000 0.980207
9.060000 0.973829
9.080000 0.962026
9.100000 0.960711
9.120000 0.941675
9.140000 0.930497
9.160000 0.925566
9.180000 0.910476
9.200000 0.904098
9.220000 0.895977
9.240000 0.890355
9.260000 0.882333
9.280000 0.888218
9.300000 0.881084
9.320000 0.889501
9.340000 0.904361
9.360000 0.911988
9.380000 0.928886
9.400000 0.950552
9.420000 0.962946
9.440000 0.992667
9.460000 1.022782
9.480000 1.054902
9.500000 1.084721
9.520000 1.127065
9.540000 1.164249
9.560000 1.208106
9.580000 1.238845
9.600000 1.271064
9.620000 1.316795
9.640000 1.347239
9.660000 1.380017
9.680000 1.429989
9.700000 1.452082
9.720000 1.467632
9.740000 1.508399
9.760000 1.531149
9.780000 1.538021
9.800000 1.536377
9.820000 1.556727
9.840000 1.550283
9.860000 1.537725
9.880000 1.525100
9.900000 1.487555
9.920000 1.464640
9.940000 1.401090
9.960000 1.349080
9.980000 1.265344
10.000000 1.151328
10.020000 1.073017
10.040000 0.936678
10.060000 0.760724
10.080000 0.532364
10.100000 0.333593
10.120000 0.127458
10.140000 -0.185821
10.160000 -0.541445
10.180000 -0.950526
10.200000 -1.375980
10.220000 -1.973180
10.240000 -2.420101
10.260000 -3.092161
10.280000 -3.665624
10.300000 -4.433452
10.320000 -5.204272
10.340000 -6.074445
10.360000 -6.744663
10.380000 -7.642747
10.400000 -8.599812
10.420000 -9.276309
10.440000 -10.157100
10.460000 -10.844381
10.480000 -11.551354
10.500000 -12.243862
10.520000 -12.675365
10.540000 -13.227622
10.560000 -13.469822
10.580000 -13.783824
10.600000 -13.933708
10.620000 -13.934497
10.640000 -13.866114
10.660000 -13.650313
10.680000 -13.312476
10.700000 -12.933609
10.720000 -12.432277
10.740000 -11.787867
10.760000 -11.270919
10.780000 -10.532252
10.800000 -9.697686
10.820000 -9.060081
10.840000 -8.164364
10.860000 -7.266115
10.880000 -6.193391
10.900000 -5.301948
10.920000 -4.588727
10.940000 -3.557493
10.960000 -2.607464
10.980000 -1.911569
11.000000 -0.909694
11.020000 -0.038403
11.040000 0.823813
11.060000 1.549922
11.080000 2.470034
11.100000 3.232405
11.120000 3.880695
11.140000 4.559198
11.160000 5.180299
11.180000 5.947799
11.200000 6.638730
11.220000 7.033148
11.240000 7.488881
11.260000 7.944778
11.280000 8.426976
11.300000 8.787466
11.320000 9.129841
11.340000 9.583700
11.360000 9.776553
11.380000 10.125930
11.400000 10.337161
11.420000 10.540370
11.440000 10.684796
11.460000 10.779151
11.480000 10.763699
11.500000 10.761365
11.520000 10.814559
11.540000 10.683547
11.560000 10.702878
11.580000 10.581992
11.600000 10.398443
11.620000 10.142894
11.640000 9.984299
11.660000 9.814163
11.680000 9.520610
11.700000 9.275253
11.720000 8.899246
11.740000 8.631369
11.760000 8.346659
11.780000 8.072470
11.800000 7.738840
11.820000 7.353857
11.840000 7.057378
11.860000 6.786608
11.880000 6.478424
11.900000 6.138975
11.920000 5.826682
11.940000 5.527573
11.960000 5.261077
11.980000 4.992345
12.000000 4.738440
12.020000 4.480854
12.040000 4.303913
12.060000 4.061153
12.080000 3.790942
12.100000 3.600095
12.120000 3.433904
12.140000 3.255418
12.160000 3.080549
12.180000 2.907060
12.200000 2.715949
12.220000 2.526220
12.240000 2.399152
12.260000 2.282014
12.280000 2.103265
12.300000 1.995759
12.320000 1.849919
12.340000 1.705329
12.360000 1.603806
12.380000 1.465134
12.400000 1.364696
12.420000 1.238155
12.440000 1.144358
12.460000 1.021762
12.480000 0.922344
12.500000 0.842224
12.520000 0.736724
12.540000 0.662752
12.560000 0.568167
12.580000 0.480321
12.600000 0.387083
12.620000 0.322744
12.640000 0.239797
12.660000 0.145672
12.680000 0.089256
12.700000 -0.008880
12.720000 -0.073417
12.740000 -0.169777
12.760000 -0.223464
12.780000 -0.289546
12.800000 -0.391233
12.820000 -0.444164
12.840000 -0.491374
12.860000 -0.528525
12.880000 -0.594902
12.900000 -0.603055
12.920000 -0.627055
12.940000 -0.637313
12.960000 -0.643099
12.980000 -0.651252
13.000000 -0.639680
13.020000 -0.618179
13.040000 -0.579878
13.060000 -0.557094
13.080000 -0.514552
13.100000 -0.494695
13.120000 -0.438575
13.140000 -0.414871
13.160000 -0.371803
13.180000 -0.320154
13.200000 -0.285535
13.220000 -0.232242
13.240000 -0.194270
13.260000 -0.140846
13.280000 -0.097811
13.300000 -0.054447
13.320000 -0.032880
13.340000 0.017059
13.360000 0.071634
13.380000 0.112072
13.400000 0.133409
13.420000 0.168587
13.440000 0.207775
13.460000 0.237364
13.480000 0.252060
13.500000 0.277506
13.520000 0.312750
13.540000 0.326952
13.560000 0.336684
13.580000 0.352530
13.600000 0.367127
13.620000 0.367522
13.640000 0.375182
13.660000 0.388135
13.680000 0.384124
13.700000 0.377977
13.720000 0.384256
13.740000 0.376333
13.760000 0.348125
13.780000 0.354536
13.800000 0.348749
13.820000 0.333528
13.840000 0.316794
13.860000 0.312816
13.880000 0.301506
13.900000 0.296542
13.920000 0.276158
13.940000 0.245846
13.960000 0.250811
13.980000 0.230296
14.000000 0.207414
14.020000 0.203995
14.040000 0.180751
14.060000 0.166088
14.080000 0.167732
14.100000 0.157310
14.120000 0.134527
14.140000 0.137946
14.160000 0.105694
14.180000 0.107864
14.200000 0.104609
14.220000 0.085311
14.240000 0.087744
14.260000 0.082220
14.280000 0.061969
14.300000 0.046681
14.320000 0.047371
14.340000 0.046582
14.360000 0.045202
14.380000 0.030210
14.400000 0.030473
14.420000 0.011832
14.440000 0.015350
14.460000 0.027415
14.480000 0.021169
14.500000 0.015514
14.520000 0.012588
14.540000 0.006046
14.560000 0.002068
14.580000 0.024194
14.600000 0.011339
14.620000 0.018736
14.640000 0.021629
14.660000 0.021695
14.680000 0.028270
14.700000 0.021136
14.720000 0.043295
14.740000 0.028369
14.760000 0.033695
14.780000 0.048226
14.800000 0.059799
14.820000 0.044873
14.840000 0.069694
14.860000 0.059141
14.880000 0.072555
14.900000 0.072325
14.920000 0.070089
14.940000 0.083831
14.960000 0.097837
14.980000 0.107732
15.000000 0.100697
15.020000 0.106056
15.040000 0.115426
15.060000 0.120456
15.080000 0.127130
15.100000 0.122527
15.120000 0.124762
15.140000 0.142614
15.160000 0.146198
15.180000 0.140149
15.200000 0.143469
15.220000 0.146329
15.240000 0.156357
15.260000 0.137420
15.280000 0.152477
15.300000 0.141497
15.320000 0.152872
15.340000 0.154647
15.360000 0.157146
15.380000 0.154910
15.400000 0.163228
15.420000 0.149814
15.440000 0.154746
15.460000 0.157047
15.480000 0.160400
15.500000 0.165694
15.520000 0.165463
15.540000 0.171052
15.560000 0.159085
15.580000 0.157343
15.600000 0.168422
15.620000 0.161880
15.640000 0.165003
15.660000 0.162768
15.680000 0.168159
15.700000 0.155864
15.720000 0.168258
15.740000 0.158691
15.760000 0.157902
15.780000 0.163918
15.800000 0.158658
15.820000 0.154384
15.840000 0.164707
15.860000 0.170362
15.880000 0.167600
15.900000 0.175096
15.920000 0.186208
15.940000 0.198603
15.960000 0.196565
15.980000 0.217211
16.000000 0.206921
16.020000 0.222570
16.040000 0.230953
16.060000 0.252816
16.080000 0.254822
16.100000 0.266789
16.120000 0.288717
16.140000 0.289605
16.160000 0.302788
16.180000 0.313572
16.200000 0.334021
16.220000 0.324815
16.240000 0.348881
16.260000 0.361604
16.280000 0.362426
16.300000 0.358415
16.320000 0.382185
16.340000 0.376004
16.360000 0.386196
16.380000 0.392968
16.400000 0.400727
16.420000 0.395730
16.440000 0.409374
16.460000 0.405264
16.480000 0.410228
16.500000 0.431039
16.520000 0.418908
16.540000 0.438699
16.560000 0.449877
16.580000 0.459083
16.600000 0.471773
16.620000 0.476935
16.640000 0.488080
16.660000 0.497022
16.680000 0.518359
16.700000 0.535257
16.720000 0.544989
16.740000 0.558402
16.760000 0.570797
16.780000 0.591838
16.800000 0.595914
16.820000 0.628429
16.840000 0.641218
16.860000 0.645032
16.880000 0.671892
16.900000 0.681689
16.920000 0.692374
16.940000 0.715354
16.960000 0.732746
16.980000 0.737579
17.000000 0.760198
17.020000 0.772066
17.040000 0.778904
17.060000 0.794455
17.080000 0.800997
17.100000 0.813260
17.120000 0.815397
17.140000 0.827529
17.160000 0.836504
17.180000 0.837687
17.200000 0.842027
17.220000 0.830981
17.240000 0.841369
17.260000 0.844756
17.280000 0.835254
17.300000 0.835353
17.320000 0.826509
17.340000 0.834400
17.360000 0.827068
17.380000 0.827035
17.400000 0.820296
17.420000 0.816909
17.440000 0.813720
17.460000 0.814509
17.480000 0.810104
17.500000 0.816482
17.520000 0.810301
17.540000 0.803825
17.560000 0.802181
17.580000 0.799222
17.600000 0.804318
17.620000 0.802214
17.640000 0.809808
17.660000 0.803726
17.680000 0.811912
17.700000 0.810137
17.720000 0.808690
17.740000 0.805797
17.760000 0.803364
17.780000 0.808230
17.800000 0.804515
17.820000 0.809710
17.840000 0.798663
17.860000 0.796427
17.880000 0.791266
17.900000 0.783145
17.920000 0.770258
17.940000 0.776011
17.960000 0.765622
17.980000 0.764965
18.000000 0.754773
18.020000 0.764767
18.040000 0.757929
18.060000 0.759080
18.080000 0.731464
18.100000 0.749348
18.120000 0.734291
18.140000 0.742017
18.160000 0.729097
18.180000 0.730083
18.200000 0.729294
18.220000 0.717393
18.240000 0.713316
18.260000 0.709338
18.280000 0.715617
18.300000 0.717064
18.320000 0.703453
18.340000 0.710554
18.360000 0.699574
18.380000 0.692045
18.400000 0.690204
18.420000 0.677250
18.440000 0.662357
18.460000 0.658610
18.480000 0.667322
18.500000 0.649010
18.520000 0.629152
18.540000 0.636911
18.560000 0.612944
18.580000 0.603772
18.600000 0.598742
18.620000 0.589175
18.640000 0.577799
18.660000 0.575498
18.680000 0.562084
18.700000 0.569383
18.720000 0.548243
18.740000 0.543180
18.760000 0.535520
18.780000 0.539564
18.800000 0.534172
18.820000 0.538972
18.840000 0.532430
18.860000 0.542161
18.880000 0.544660
18.900000 0.560506
18.920000 0.574084
18.940000 0.592462
18.960000 0.610051
18.980000 0.636089
19.000000 0.652889
19.020000 0.675212
19.040000 0.692538
19.060000 0.716472
19.080000 0.754510
19.100000 0.775189
19.120000 0.804219
19.140000 0.832131
19.160000 0.869314
19.180000 0.900547
19.200000 0.920766
19.220000 0.956831
19.240000 0.974387
19.260000 0.984776
19.280000 1.004338
19.300000 1.039844
19.320000 1.054474
19.340000 1.062299
19.360000 1.075910
19.380000 1.087844
19.400000 1.083899
19.420000 1.097411
19.440000 1.084556
19.460000 1.078704
19.480000 1.072195
19.500000 1.072787
19.520000 1.064041
19.540000 1.056611
19.560000 1.037839
19.580000 1.026332
19.600000 1.032283
19.620000 1.020151
19.640000 1.000327
19.660000 0.991516
19.680000 0.982048
19.700000 0.975735
19.720000 0.977741
19.740000 0.975637
19.760000 0.960020
19.780000 0.959231
19.800000 0.950618
19.820000 0.952525
19.840000 0.949467
19.860000 0.941215
19.880000 0.947199
19.900000 0.935988
19.920000 0.933719
19.940000 0.928689
19.960000 0.925960
19.980000 0.923265
20.000000 0.909687
20.020000 0.898311
20.040000 0.889566
20.060000 0.891243
20.080000 0.887002
20.100000 0.877566
20.120000 0.869084
20.140000 0.864054
20.160000 0.859813
20.180000 0.859813
20.200000 0.858761
20.220000 0.854126
20.240000 0.851068
20.260000 0.844032
20.280000 0.844065
20.300000 0.842093
20.320000 0.845413
20.340000 0.846564
20.360000 0.851068
20.380000 0.838312
20.400000 0.846137
20.420000 0.855178
20.440000 0.858958
20.460000 0.850115
20.480000 0.854421
20.500000 0.858268
20.520000 0.855309
20.540000 0.860339
20.560000 0.868361
20.580000 0.867934
20.600000 0.872175
20.620000 0.865862
20.640000 0.879506
20.660000 0.879177
20.680000 0.892164
20.700000 0.889731
20.720000 0.880394
20.740000 0.880492
20.760000 0.900679
20.780000 0.897522
20.800000 0.897062
20.820000 0.897917
20.840000 0.891868
20.860000 0.897358
20.880000 0.897292
20.900000 0.906662
20.920000 0.911396
20.940000 0.900120
20.960000 0.900744
20.980000 0.907878
21.000000 0.912711
21.020000 0.917215
21.040000 0.917051
21.060000 0.915144
21.080000 0.907813
21.100000 0.908174
21.120000 0.902750
21.140000 0.910213
21.160000 0.902125
21.180000 0.896437
21.200000 0.897654
21.220000 0.897358
21.240000 0.890783
21.260000 0.891769
21.280000 0.893577
21.300000 0.889862
21.320000 0.886542
21.340000 0.878717
21.360000 0.886246
21.380000 0.881972
21.400000 0.890290
21.420000 0.890848
21.440000 0.872471
21.460000 0.888810
21.480000 0.889205
21.500000 0.897358
21.520000 0.898772
21.540000 0.905742
21.560000 0.906235
21.580000 0.904624
21.600000 0.915769
21.620000 0.913730
21.640000 0.923725
21.660000 0.921851
21.680000 0.923561
21.700000 0.927966
21.720000 0.939506
21.740000 0.928919
21.760000 0.940689
21.780000 0.933259
21.800000 0.949007
21.820000 0.947758
21.840000 0.943484
21.860000 0.940854
21.880000 0.943089
21.900000 0.949664
21.920000 0.959133
21.940000 0.955286
21.960000 0.945785
21.980000 0.956634
22.000000 0.949467
22.020000 0.951308
22.040000 0.957423
22.060000 0.951867
22.080000 0.951604
22.100000 0.959659
22.120000 0.946870
22.140000 0.937928
22.160000 0.943484
22.180000 0.945982
22.200000 0.938355
22.220000 0.933456
22.240000 0.931780
22.260000 0.934508
22.280000 0.930333
22.300000 0.937336
22.320000 0.930793
22.340000 0.920667
22.360000 0.926059
22.380000 0.930037
22.400000 0.918761
22.420000 0.936185
22.440000 0.918925
22.460000 0.920240
22.480000 0.920536
22.500000 0.917643
22.520000 0.913862
22.540000 0.916985
22.560000 0.921226
22.580000 0.914158
22.600000 0.911659
22.620000 0.901731
22.640000 0.898410
22.660000 0.902651
22.680000 0.894859
22.700000 0.893446
22.720000 0.889402
22.740000 0.888054
22.760000 0.884799
22.780000 0.871616
22.800000 0.868525
22.820000 0.869676
22.840000 0.866323
22.860000 0.859813
22.880000 0.856657
22.900000 0.854652
22.920000 0.855112
22.940000 0.841896
22.960000 0.842948
22.980000 0.837293
23.000000 0.839167
23.020000 0.833118
23.040000 0.828350
23.060000 0.826575
23.080000 0.820953
23.100000 0.817074
23.120000 0.810531
23.140000 0.801392
23.160000 0.803200
23.180000 0.813688
23.200000 0.809742
23.220000 0.794948
23.240000 0.792647
23.260000 0.791036
23.280000 0.797447
23.300000 0.784855
23.320000 0.794488
23.340000 0.785940
23.360000 0.780384
23.380000 0.787847
23.400000 0.791627
23.420000 0.782619
23.440000 0.791726
23.460000 0.789852
23.480000 0.788800
23.500000 0.785512
23.520000 0.777655
23.540000 0.781896
23.560000 0.771672
23.580000 0.781502
23.600000 0.779726
23.620000 0.781304
23.640000 0.781962
23.660000 0.781830
23.680000 0.768844
23.700000 0.775091
23.720000 0.772165
23.740000 0.766247
23.760000 0.765458
23.780000 0.766576
23.800000 0.765359
23.820000 0.757140
23.840000 0.762236
23.860000 0.763452
23.880000 0.764439
23.900000 0.760888
23.920000 0.763058
23.940000 0.762992
23.960000 0.763551
23.980000 0.753294
24.000000 0.758718
24.020000 0.765885
24.040000 0.773282
24.060000 0.769469
24.080000 0.774532
24.100000 0.783573
24.120000 0.782192
24.140000 0.785151
24.160000 0.785315
24.180000 0.798006
24.200000 0.792778
24.220000 0.793041
24.240000 0.798696
24.260000 0.803233
24.280000 0.807901
24.300000 0.818718
24.320000 0.822959
24.340000 0.819244
24.360000 0.823715
24.380000 0.824372
24.400000 0.831901
24.420000 0.835156
24.440000 0.830981
24.460000 0.828219
24.480000 0.830027
24.500000 0.837391
24.520000 0.841534
24.540000 0.849687
24.560000 0.832624
24.580000 0.836997
24.600000 0.832723
24.620000 0.845512
24.640000 0.848997
24.660000 0.838378
24.680000 0.837885
24.700000 0.843934
24.720000 0.836307
24.740000 0.835320
24.760000 0.839002
24.780000 0.832460
24.800000 0.835945
24.820000 0.837424
24.840000 0.839528
24.860000 0.842915
24.880000 0.832624
24.900000 0.833775
24.920000 0.823583
24.940000 0.834005
24.960000 0.829107
24.980000 0.836635
25.000000 0.831375
25.020000 0.832361
25.040000 0.832624
25.060000 0.823419
25.080000 0.832427
25.100000 0.824208
25.120000 0.821249
25.140000 0.829863
25.160000 0.819704
25.180000 0.807540
25.200000 0.821446
25.220000 0.810071
25.240000 0.825589
25.260000 0.814707
25.280000 0.808427
25.300000 0.801030
25.320000 0.797940
25.340000 0.804252
25.360000 0.803299
25.380000 0.800964
25.400000 0.793271
25.420000 0.793173
25.440000 0.790082
25.460000 0.781239
25.480000 0.795638
25.500000 0.794422
25.520000 0.785841
25.540000 0.781502
25.560000 0.775748
25.580000 0.778707
25.600000 0.779923
25.620000 0.782817
25.640000 0.779134
25.660000 0.777359
25.680000 0.781732
25.700000 0.768811
25.720000 0.777655
25.740000 0.767989
25.760000 0.765491
25.780000 0.762499
25.800000 0.767233
25.820000 0.757009
25.840000 0.761020
25.860000 0.754872
25.880000 0.760855
25.900000 0.754411
25.920000 0.758587
25.940000 0.751255
25.960000 0.758028
25.980000 0.754017
26.000000 0.752800
26.020000 0.749644
26.040000 0.760526
26.060000 0.755299
26.080000 0.752406
26.100000 0.759705
26.120000 0.762433
26.140000 0.752800
26.160000 0.760362
26.180000 0.759014
26.200000 0.758883
26.220000 0.773907
26.240000 0.761447
26.260000 0.776011
26.280000 0.767069
26.300000 0.769206
26.320000 0.778115
26.340000 0.778904
26.360000 0.775387
26.380000 0.782784
26.400000 0.774565
26.420000 0.778773
26.440000 0.775485
26.460000 0.791989
26.480000 0.786729
26.500000 0.785085
26.520000 0.791562
26.540000 0.782685
26.560000 0.792614
26.580000 0.792712
26.600000 0.786729
26.620000 0.797381
26.640000 0.791825
26.660000 0.787814
26.680000 0.789819
26.700000 0.793173
26.720000 0.782488
26.740000 0.792186
26.760000 0.781699
26.780000 0.786860
26.800000 0.784230
26.820000 0.789260
26.840000 0.783441
26.860000 0.780450
26.880000 0.774335
26.900000 0.783343
26.920000 0.783211
26.940000 0.769272
26.960000 0.771639
26.980000 0.769107
27.000000 0.763452
27.020000 0.747474
27.040000 0.754346
27.060000 0.761776
27.080000 0.755135
27.100000 0.754083
27.120000 0.760461
27.140000 0.752143
27.160000 0.745403
27.180000 0.745798
27.200000 0.750072
27.220000 0.751453
27.240000 0.744877
27.260000 0.750105
27.280000 0.747080
27.300000 0.750302
27.320000 0.741228
27.340000 0.746159
27.360000 0.749940
27.380000 0.742214
27.400000 0.739190
27.420000 0.751157
27.440000 0.739124
27.460000 0.741622
27.480000 0.743102
27.500000 0.739946
27.520000 0.739749
27.540000 0.749940
27.560000 0.740570
27.580000 0.752077
27.600000 0.748428
27.620000 0.744187
27.640000 0.743201
27.660000 0.737973
27.680000 0.742379
27.700000 0.740439
27.720000 0.735803
27.740000 0.735310
27.760000 0.735968
27.780000 0.745009
27.800000 0.742412
27.820000 0.738729
27.840000 0.740439
27.860000 0.733239
27.880000 0.742017
27.900000 0.735672
27.920000 0.745864
27.940000 0.739880
27.960000 0.735442
27.980000 0.726335
28.000000 0.734686
28.020000 0.733765
28.040000 0.735935
28.060000 0.728702
28.080000 0.728308
28.100000 0.714269
28.120000 0.722620
28.140000 0.716110
28.160000 0.729623
28.180000 0.739814
28.200000 0.714368
28.220000 0.712560
28.240000 0.706247
28.260000 0.716899
28.280000 0.718642
28.300000 0.712527
28.320000 0.710817
28.340000 0.722982
28.360000 0.707332
28.380000 0.714039
28.400000 0.701382
28.420000 0.703058
28.440000 0.699409
28.460000 0.708483
28.480000 0.705919
28.500000 0.693196
28.520000 0.694280
28.540000 0.684450
28.560000 0.688691
28.580000 0.676494
28.600000 0.677678
28.620000 0.681261
28.640000 0.673470
28.660000 0.664527
28.680000 0.656308
28.700000 0.661897
28.720000 0.668867
28.740000 0.662325
28.760000 0.668505
28.780000 0.657623
28.800000 0.657426
28.820000 0.659004
28.840000 0.653875
28.860000 0.662522
28.880000 0.650884
28.900000 0.652527
28.920000 0.646281
28.940000 0.655881
28.960000 0.645032
28.980000 0.650358
29.000000 0.652659
29.020000 0.649306
29.040000 0.651903
29.060000 0.652495
29.080000 0.658938
29.100000 0.652232
29.120000 0.650325
29.140000 0.660188
29.160000 0.657097
29.180000 0.648944
29.200000 0.658314
29.220000 0.649371
29.240000 0.651410
29.260000 0.644703
29.280000 0.659892
29.300000 0.656571
29.320000 0.653284
29.340000 0.656801
29.360000 0.658741
29.380000 0.659103
29.400000 0.666993
29.420000 0.658741
29.440000 0.659168
29.460000 0.659136
29.480000 0.657492
29.500000 0.657590
29.520000 0.648221
29.540000 0.654500
29.560000 0.649963
29.580000 0.650555
29.600000 0.644966
29.620000 0.641218
29.640000 0.642895
29.660000 0.640988
29.680000 0.632900
29.700000 0.626555
29.720000 0.629350
29.740000 0.623103
29.760000 0.621525
29.780000 0.618007
29.800000 0.618566
29.820000 0.600484
29.840000 0.601503
29.860000 0.602884
29.880000 0.585854
29.900000 0.588681
29.920000 0.599301
29.940000 0.581350
29.960000 0.577273
29.980000 0.570106
30.000000 0.579377
30.020000 0.570073
30.040000 0.576024
30.060000 0.578786
30.080000 0.572704
30.100000 0.575893
30.120000 0.570797
30.140000 0.571882
30.160000 0.576090
30.180000 0.584177
30.200000 0.584868
30.220000 0.587695
30.240000 0.587070
30.260000 0.593383
30.280000 0.602720
30.300000 0.597065
30.320000 0.605251
30.340000 0.611794
30.360000 0.606205
30.380000 0.603180
30.400000 0.617974
30.420000 0.609887
30.440000 0.621163
30.460000 0.617350
30.480000 0.615837
30.500000 0.632341
30.520000 0.618993
30.540000 0.619881
30.560000 0.610248
30.580000 0.617021
30.600000 0.624845
30.620000 0.600320
30.640000 0.609262
30.660000 0.611366
30.680000 0.615147
30.700000 0.599366
30.720000 0.607355
30.740000 0.603805
30.760000 0.608440
30.780000 0.606698
30.800000 0.600681
30.820000 0.602062
30.840000 0.599531
30.860000 0.600287
30.880000 0.594073
30.900000 0.598676
30.920000 0.592594
30.940000 0.596144
30.960000 0.591279
30.980000 0.582303
31.000000 0.592890
31.020000 0.578227
31.040000 0.577602
31.060000 0.583750
31.080000 0.586873
31.100000 0.580035
31.120000 0.569909
31.140000 0.559882
31.160000 0.565668
31.180000 0.566424
31.200000 0.572901
31.220000 0.547685
31.240000 0.556956
31.260000 0.560178
31.280000 0.546928
31.300000 0.546041
31.320000 0.540452
31.340000 0.553865
31.360000 0.545383
31.380000 0.555443
31.400000 0.544594
31.420000 0.550643
31.440000 0.546731
31.460000 0.547060
31.480000 0.543608
31.500000 0.551432
31.520000 0.548934
31.540000 0.539991
31.560000 0.556791
31.580000 0.543871
31.600000 0.549032
31.620000 0.545778
31.640000 0.539991
31.660000 0.551169
31.680000 0.555082
31.700000 0.557942
31.720000 0.555608
31.740000 0.548309
31.760000 0.549690
31.780000 0.549493
31.800000 0.544101
31.820000 0.551761
31.840000 0.548671
31.860000 0.552879
31.880000 0.541537
31.900000 0.546402
31.920000 0.546961
31.940000 0.546830
31.960000 0.551104
31.980000 0.531082
32.000000 0.545646
32.020000 0.548802
32.040000 0.539400
32.060000 0.539104
32.080000 0.540813
32.100000 0.532134
32.120000 0.536605
32.140000 0.546797
32.160000 0.539564
32.180000 0.536934
32.200000 0.543180
32.220000 0.546139
32.240000 0.545087
32.260000 0.550249
32.280000 0.545120
32.300000 0.549263
32.320000 0.542622
32.340000 0.550709
32.360000 0.545876
32.380000 0.552583
32.400000 0.537493
32.420000 0.545219
32.440000 0.545285
32.460000 0.550874
32.480000 0.549197
32.500000 0.546304
32.520000 0.543148
32.540000 0.549756
32.560000 0.546369
32.580000 0.546764
32.600000 0.547389
32.620000 0.553931
32.640000 0.558961
32.660000 0.546337
32.680000 0.554884
32.700000 0.561723
32.720000 0.549723
32.740000 0.547323
32.760000 0.559783
32.780000 0.555674
32.800000 0.551301
32.820000 0.545679
32.840000 0.550183
32.860000 0.537296
32.880000 0.542885
32.900000 0.539005
32.920000 0.528846
32.940000 0.534731
32.960000 0.535192
32.980000 0.530655
33.000000 0.520167
33.020000 0.514677
33.040000 0.517208
33.060000 0.507838
33.080000 0.506589
33.100000 0.488704
33.120000 0.489756
33.140000 0.490907
33.160000 0.488343
33.180000 0.475882
33.200000 0.479236
33.220000 0.476704
33.240000 0.479302
33.260000 0.473778
33.280000 0.486206
33.300000 0.493373
33.320000 0.481734
33.340000 0.489986
33.360000 0.486140
33.380000 0.488671
33.400000 0.491466
33.420000 0.496792
33.440000 0.501362
33.460000 0.505373
33.480000 0.504518
33.500000 0.505438
33.520000 0.522929
33.540000 0.527400
33.560000 0.533087
33.580000 0.530720
33.600000 0.533482
33.620000 0.538874
33.640000 0.539794
33.660000 0.549657
33.680000 0.541570
33.700000 0.551038
33.720000 0.549591
33.740000 0.562084
33.760000 0.559586
33.780000 0.562249
33.800000 0.566556
33.820000 0.568265
33.840000 0.556923
33.860000 0.565931
33.880000 0.555016
33.900000 0.570073
33.920000 0.565898
33.940000 0.572539
33.960000 0.565602
33.980000 0.576977
34.000000 0.571586
34.020000 0.571750
34.040000 0.568397
34.060000 0.560112
34.080000 0.560868
34.100000 0.559224
34.120000 0.558139
34.140000 0.540353
34.160000 0.549164
34.180000 0.536572
34.200000 0.542326
34.220000 0.535685
34.240000 0.525559
34.260000 0.518655
34.280000 0.510468
34.300000 0.514545
34.320000 0.505274
34.340000 0.501296
34.360000 0.488606
34.380000 0.494359
34.400000 0.487619
34.420000 0.493471
34.440000 0.480978
34.460000 0.480880
34.480000 0.482655
34.500000 0.473154
34.520000 0.470918
34.540000 0.475554
34.560000 0.468321
34.580000 0.477066
34.600000 0.475718
34.620000 0.466315
34.640000 0.469373
34.660000 0.463488
34.680000 0.470918
34.700000 0.473187
34.720000 0.457505
34.740000 0.472266
34.760000 0.472792
34.780000 0.460562
34.800000 0.460989
34.820000 0.454940
34.840000 0.467203
34.860000 0.470129
34.880000 0.455959
34.900000 0.467269
34.920000 0.458951
34.940000 0.448727
34.960000 0.468091
34.980000 0.462074
35.000000 0.456354
35.020000 0.468222
35.040000 0.456025
35.060000 0.463554
35.080000 0.464014
35.100000 0.462600
35.120000 0.462239
35.140000 0.468978
35.160000 0.468321
35.180000 0.465658
35.200000 0.455927
35.220000 0.449088
35.240000 0.462272
35.260000 0.458129
35.280000 0.465066
35.300000 0.457965
35.320000 0.457603
35.340000 0.457735
35.360000 0.472233
35.380000 0.467400
35.400000 0.461351
35.420000 0.463291
35.440000 0.462962
35.460000 0.460266
35.480000 0.455927
35.500000 0.473483
35.520000 0.466217
35.540000 0.466020
35.560000 0.462009
35.580000 0.462272
35.600000 0.467861
35.620000 0.467466
35.640000 0.466315
35.660000 0.461647
35.680000 0.466381
35.700000 0.466315
35.720000 0.458589
35.740000 0.459543
35.760000 0.457669
35.780000 0.462831
35.800000 0.454184
35.820000 0.464014
35.840000 0.451587
35.860000 0.446261
35.880000 0.455729
35.900000 0.456716
35.920000 0.453724
35.940000 0.449680
35.960000 0.461680
35.980000 0.458589
36.000000 0.458721
36.020000 0.459905
36.040000 0.460858
36.060000 0.454546
36.080000 0.455696
36.100000 0.461976
36.120000 0.461220
36.140000 0.458458
36.160000 0.465987
36.180000 0.477165
36.200000 0.463521
36.220000 0.461417
36.240000 0.473943
36.260000 0.467663
36.280000 0.467663
36.300000 0.456321
36.320000 0.473417
36.340000 0.468781
36.360000 0.463357
36.380000 0.454677
36.400000 0.451094
36.420000 0.449220
36.440000 0.438864
36.460000 0.430414
36.480000 0.435247
36.500000 0.424036
36.520000 0.410524
36.540000 0.406119
36.560000 0.402732
36.580000 0.393330
36.600000 0.383434
36.620000 0.367883
36.640000 0.368607
36.660000 0.358119
36.680000 0.354667
36.700000 0.350656
36.720000 0.343358
36.740000 0.335007
36.760000 0.335040
36.780000 0.328629
36.800000 0.331128
36.820000 0.316695
36.840000 0.326426
36.860000 0.301802
36.880000 0.306372
36.900000 0.307818
36.920000 0.309199
36.940000 0.298843
36.960000 0.310514
36.980000 0.308443
37.000000 0.304136
37.020000 0.297265
37.040000 0.297890
37.060000 0.308673
37.080000 0.319226
37.100000 0.338985
37.120000 0.333659
37.140000 0.360618
37.160000 0.371434
37.180000 0.383368
37.200000 0.420519
37.220000 0.457110
37.240000 0.486666
37.260000 0.527104
37.280000 0.564189
37.300000 0.620078
37.320000 0.675771
37.340000 0.698785
37.360000 0.753721
37.380000 0.827397
37.400000 0.895977
37.420000 0.946147
37.440000 1.014431
37.460000 1.050694
37.480000 1.089521
37.500000 1.120852
37.520000 1.156161
37.540000 1.193542
37.560000 1.216325
37.580000 1.220007
37.600000 1.246111
37.620000 1.243448
37.640000 1.246834
37.660000 1.236544
37.680000 1.228456
37.700000 1.209980
37.720000 1.178583
37.740000 1.151821
37.760000 1.113751
37.780000 1.075154
37.800000 1.030836
37.820000 0.991089
37.840000 0.956766
37.860000 0.901698
37.880000 0.821381
37.900000 0.777589
37.920000 0.745699
37.940000 0.702335
37.960000 0.677185
37.980000 0.621393
38.000000 0.563498
38.020000 0.507115
38.040000 0.461055
38.060000 0.420815
38.080000 0.404902
38.100000 0.329221
38.120000 0.325243
38.140000 0.290394
38.160000 0.277769
38.180000 0.254657
38.200000 0.219019
38.220000 0.199984
38.240000 0.183414
38.260000 0.169113
38.280000 0.145869
38.300000 0.143732
38.320000 0.134395
38.340000 0.126834
38.360000 0.114768
38.380000 0.121738
38.400000 0.113486
38.420000 0.113486
38.440000 0.119601
38.460000 0.109015
38.480000 0.098987
38.500000 0.116050
38.520000 0.118319
38.540000 0.119469
38.560000 0.121376
38.580000 0.116543
38.600000 0.122099
38.620000 0.130023
38.640000 0.139261
38.660000 0.138735
38.680000 0.139392
38.700000 0.147513
38.720000 0.161880
38.740000 0.162505
38.760000 0.170855
38.780000 0.172565
38.800000 0.184170
38.820000 0.194658
38.840000 0.212542
38.860000 0.204093
38.880000 0.216981
38.900000 0.233550
38.920000 0.243446
38.940000 0.242164
38.960000 0.254723
38.980000 0.259326
39.000000 0.261791
39.020000 0.278065
39.040000 0.280334
39.060000 0.278657
39.080000 0.287829
39.100000 0.285528
39.120000 0.297396
39.140000 0.300750
39.160000 0.299369
39.180000 0.297791
39.200000 0.304498
39.220000 0.306635
39.240000 0.308081
39.260000 0.312816
39.280000 0.308114
39.300000 0.310120
39.320000 0.305911
39.340000 0.307720
39.360000 0.303084
39.380000 0.292432
39.400000 0.307522
39.420000 0.294602
39.440000 0.293320
39.460000 0.295555
39.480000 0.290755
39.500000 0.279084
39.520000 0.285594
39.540000 0.271490
39.560000 0.279775
39.580000 0.276980
39.600000 0.280334
39.620000 0.276619
39.640000 0.274087
39.660000 0.280366
39.680000 0.268169
39.700000 0.288881
39.720000 0.283457
39.740000 0.279676
39.760000 0.285955
39.780000 0.286777
39.800000 0.290295
39.820000 0.287303
39.840000 0.298679
39.860000 0.289539
39.880000 0.291281
39.900000 0.292827
39.920000 0.290854
39.940000 0.294043
39.960000 0.294306
39.980000 0.301966
40.000000 0.291709
